Channel,Voltage Gain (V),Pulse Voltage (V),Peak Number,Peak Index,Peak Counts,Index Difference,Channel (from filename),Gain Voltage (from filename),Pulse Height (from filename)
CH0,65.1,1.3,1,155,30967.95750477195,,CH0,65.1,1.3
CH0,65.1,1.3,2,171,21387.115840110822,16.0,CH0,65.1,1.3
CH0,65.1,1.6,1,156,8869.836257376393,,CH0,65.1,1.6
CH0,65.1,1.6,2,173,15716.721811947697,17.0,CH0,65.1,1.6
CH0,65.1,1.6,3,189,14748.729887576872,16.0,CH0,65.1,1.6
CH0,65.1,1.6,4,205,9883.347218254135,16.0,CH0,65.1,1.6
CH0,65.4,1.3,1,149,9425.563646038088,,CH0,65.4,1.3
CH0,65.4,1.3,2,175,13552.342021038376,26.0,CH0,65.4,1.3
CH0,65.4,1.3,3,202,10269.461828552425,27.0,CH0,65.4,1.3
CH0,65.4,1.3,4,228,5468.272387956364,26.0,CH0,65.4,1.3
CH0,65.4,1.3,5,254,2339.023337618095,26.0,CH0,65.4,1.3
CH0,65.4,1.6,1,150,1418.7645906808118,,CH0,65.4,1.6
CH0,65.4,1.6,2,175,4522.716428403841,25.0,CH0,65.4,1.6
CH0,65.4,1.6,3,200,7478.651844912044,25.0,CH0,65.4,1.6
CH0,65.4,1.6,4,225,8451.889871389829,25.0,CH0,65.4,1.6
CH0,65.4,1.6,5,250,7400.6639555026095,25.0,CH0,65.4,1.6
CH0,65.4,1.6,6,275,5299.333663675386,25.0,CH0,65.4,1.6
CH0,65.4,1.6,7,297,3278.3878415086615,22.0,CH0,65.4,1.6
CH0,65.4,1.6,8,329,1605.8838882218818,32.0,CH0,65.4,1.6
CH0,65.4,1.6,9,356,728.6896608061573,27.0,CH0,65.4,1.6
CH0,65.6,1.3,1,146,5995.762251223666,,CH0,65.6,1.3
CH0,65.6,1.3,2,176,10219.15045901066,30.0,CH0,65.6,1.3
CH0,65.6,1.3,3,207,9243.815694674957,31.0,CH0,65.6,1.3
CH0,65.6,1.3,4,237,5825.6915575391695,30.0,CH0,65.6,1.3
CH0,65.6,1.3,5,267,2908.293164695881,30.0,CH0,65.6,1.3
CH0,65.6,1.6,1,145,343.39705219857,,CH0,65.6,1.6
CH0,65.6,1.6,2,177,1487.1889557553786,32.0,CH0,65.6,1.6
CH0,65.6,1.6,3,208,3236.7811827606265,31.0,CH0,65.6,1.6
CH0,65.6,1.6,4,239,4877.550804835885,31.0,CH0,65.6,1.6
CH0,65.6,1.6,5,271,5596.868091745802,32.0,CH0,65.6,1.6
CH0,65.6,1.6,6,303,5278.543884040502,32.0,CH0,65.6,1.6
CH0,65.6,1.6,7,334,4268.584397076406,31.0,CH0,65.6,1.6
CH0,65.6,1.6,8,365,3013.0502115809436,31.0,CH0,65.6,1.6
CH0,65.6,1.6,9,397,1894.4669250744043,32.0,CH0,65.6,1.6
CH0,65.6,1.6,10,432,1047.9338376180626,35.0,CH0,65.6,1.6
CH0,65.6,1.6,11,469,495.9896800650745,37.0,CH0,65.6,1.6
CH0,65.7,1.3,1,142,4001.350074709635,,CH0,65.7,1.3
CH0,65.7,1.3,2,176,7815.338601533217,34.0,CH0,65.7,1.3
CH0,65.7,1.3,3,210,8015.141661684717,34.0,CH0,65.7,1.3
CH0,65.7,1.3,4,244,5731.619414434684,34.0,CH0,65.7,1.3
CH0,65.7,1.3,5,278,3266.999304882176,34.0,CH0,65.7,1.3
CH0,65.7,1.3,6,312,1580.1702151116044,34.0,CH0,65.7,1.3
CH0,65.7,1.6,1,143,217.11052326158392,,CH0,65.7,1.6
CH0,65.7,1.6,2,177,1008.4374167769814,34.0,CH0,65.7,1.6
CH0,65.7,1.6,3,211,2373.9639825789404,34.0,CH0,65.7,1.6
CH0,65.7,1.6,4,245,3856.3639677606,34.0,CH0,65.7,1.6
CH0,65.7,1.6,5,278,4798.782747418201,33.0,CH0,65.7,1.6
CH0,65.7,1.6,6,312,4902.95829686889,34.0,CH0,65.7,1.6
CH0,65.7,1.6,7,346,4243.318056404459,34.0,CH0,65.7,1.6
CH0,65.7,1.6,8,379,3257.9372077090816,33.0,CH0,65.7,1.6
CH0,65.7,1.6,9,413,2216.165582112832,34.0,CH0,65.7,1.6
CH0,65.7,1.6,10,444,1367.7295146268093,31.0,CH0,65.7,1.6
CH0,65.7,1.6,11,485,756.2471613636071,41.0,CH0,65.7,1.6
CH0,65.7,1.6,12,519,391.100115016746,34.0,CH0,65.7,1.6
CH0,65.8,1.3,1,139,2955.0688050283993,,CH0,65.8,1.3
CH0,65.8,1.3,2,176,6201.927902312422,37.0,CH0,65.8,1.3
CH0,65.8,1.3,3,213,6980.671597886695,37.0,CH0,65.8,1.3
CH0,65.8,1.3,4,251,5472.3549711208925,38.0,CH0,65.8,1.3
CH0,65.8,1.3,5,288,3366.107859965001,37.0,CH0,65.8,1.3
CH0,65.8,1.3,6,324,1796.0099185996862,36.0,CH0,65.8,1.3
CH0,65.8,1.6,1,135,91.61723502847754,,CH0,65.8,1.6
CH0,65.8,1.6,2,176,501.067980052362,41.0,CH0,65.8,1.6
CH0,65.8,1.6,3,214,1345.0511716645235,38.0,CH0,65.8,1.6
CH0,65.8,1.6,4,252,2431.377663583921,38.0,CH0,65.8,1.6
CH0,65.8,1.6,5,290,3412.77669463259,38.0,CH0,65.8,1.6
CH0,65.8,1.6,6,328,3947.0680931972406,38.0,CH0,65.8,1.6
CH0,65.8,1.6,7,365,3912.542374109836,37.0,CH0,65.8,1.6
CH0,65.8,1.6,8,403,3335.170161808872,38.0,CH0,65.8,1.6
CH0,65.8,1.6,9,440,2576.8934530725937,37.0,CH0,65.8,1.6
CH0,65.8,1.6,10,476,1791.109638833794,36.0,CH0,65.8,1.6
CH0,65.8,1.6,11,514,1164.758543426576,38.0,CH0,65.8,1.6
CH0,65.8,1.6,12,557,689.0105708500706,43.0,CH0,65.8,1.6
CH0,65.8,1.6,13,598,371.81496499784345,41.0,CH0,65.8,1.6
CH0,66.0,1.3,1,133,1611.2168128465728,,CH0,66.0,1.3
CH0,66.0,1.3,2,175,3890.8614444532545,42.0,CH0,66.0,1.3
CH0,66.0,1.3,3,219,5055.214449662788,44.0,CH0,66.0,1.3
CH0,66.0,1.3,4,262,4644.456535783381,43.0,CH0,66.0,1.3
CH0,66.0,1.3,5,305,3398.263796395563,43.0,CH0,66.0,1.3
CH0,66.0,1.3,6,348,2110.5701051483525,43.0,CH0,66.0,1.3
CH0,66.0,1.3,7,390,1155.1778273564096,42.0,CH0,66.0,1.3
CH0,66.0,1.6,1,177,242.10726714696648,,CH0,66.0,1.6
CH0,66.0,1.6,2,219,715.0117894683995,42.0,CH0,66.0,1.6
CH0,66.0,1.6,3,261,1442.4206118696202,42.0,CH0,66.0,1.6
CH0,66.0,1.6,4,302,2225.6025600764465,41.0,CH0,66.0,1.6
CH0,66.0,1.6,5,344,2886.45217463951,42.0,CH0,66.0,1.6
CH0,66.0,1.6,6,388,3171.1702395534835,44.0,CH0,66.0,1.6
CH0,66.0,1.6,7,430,3068.7370403532664,42.0,CH0,66.0,1.6
CH0,66.0,1.6,8,472,2647.3178928380503,42.0,CH0,66.0,1.6
CH0,66.0,1.6,9,512,2073.340373307329,40.0,CH0,66.0,1.6
CH0,66.0,1.6,10,554,1531.8565050509408,42.0,CH0,66.0,1.6
CH0,66.0,1.6,11,594,1037.5432993743748,40.0,CH0,66.0,1.6
CH0,66.0,1.6,12,650,599.5263918245552,56.0,CH0,66.0,1.6
CH0,66.0,1.6,13,688,375.9499660308677,38.0,CH0,66.0,1.6
CH0,66.0,1.6,14,740,186.91938477075487,52.0,CH0,66.0,1.6
CH1,65.1,1.3,1,146,10348.005112614224,,CH1,65.1,1.3
CH1,65.1,1.3,2,174,13786.635662654706,28.0,CH1,65.1,1.3
CH1,65.1,1.3,3,202,9827.157524939592,28.0,CH1,65.1,1.3
CH1,65.1,1.3,4,230,4937.1593641798645,28.0,CH1,65.1,1.3
CH1,65.1,1.3,5,257,1990.9242636265224,27.0,CH1,65.1,1.3
CH1,65.1,1.6,1,146,1182.067882212486,,CH1,65.1,1.6
CH1,65.1,1.6,2,175,3856.104093892894,29.0,CH1,65.1,1.6
CH1,65.1,1.6,3,203,6540.073639925613,28.0,CH1,65.1,1.6
CH1,65.1,1.6,4,232,7565.78788902623,29.0,CH1,65.1,1.6
CH1,65.1,1.6,5,260,6797.672158212066,28.0,CH1,65.1,1.6
CH1,65.1,1.6,6,288,5061.2796803059755,28.0,CH1,65.1,1.6
CH1,65.1,1.6,7,316,3206.064265623981,28.0,CH1,65.1,1.6
CH1,65.1,1.6,8,344,1821.080579380823,28.0,CH1,65.1,1.6
CH1,65.4,1.3,1,139,4324.559170383654,,CH1,65.4,1.3
CH1,65.4,1.3,2,175,7709.219623194563,36.0,CH1,65.4,1.3
CH1,65.4,1.3,3,212,7464.662163245429,37.0,CH1,65.4,1.3
CH1,65.4,1.3,4,248,5170.91131679475,36.0,CH1,65.4,1.3
CH1,65.4,1.3,5,284,2877.57136691255,36.0,CH1,65.4,1.3
CH1,65.4,1.3,6,319,1366.5008414015438,35.0,CH1,65.4,1.3
CH1,65.4,1.6,1,141,341.9247521066117,,CH1,65.4,1.6
CH1,65.4,1.6,2,176,1403.7993762076403,35.0,CH1,65.4,1.6
CH1,65.4,1.6,3,211,2980.0865013824214,35.0,CH1,65.4,1.6
CH1,65.4,1.6,4,246,4408.120634281956,35.0,CH1,65.4,1.6
CH1,65.4,1.6,5,281,5010.57219089447,35.0,CH1,65.4,1.6
CH1,65.4,1.6,6,317,4733.060574005278,36.0,CH1,65.4,1.6
CH1,65.4,1.6,7,352,3790.691837380717,35.0,CH1,65.4,1.6
CH1,65.4,1.6,8,387,2723.925437225502,35.0,CH1,65.4,1.6
CH1,65.4,1.6,9,421,1741.9539842866516,34.0,CH1,65.4,1.6
CH1,65.6,1.3,1,135,3114.7214371016753,,CH1,65.6,1.3
CH1,65.6,1.3,2,175,5976.336172683224,40.0,CH1,65.6,1.3
CH1,65.6,1.3,3,214,6367.154015665247,39.0,CH1,65.6,1.3
CH1,65.6,1.3,4,253,4874.058828194122,39.0,CH1,65.6,1.3
CH1,65.6,1.3,5,294,3010.011206428042,41.0,CH1,65.6,1.3
CH1,65.6,1.3,6,333,1587.0470231214117,39.0,CH1,65.6,1.3
CH1,65.6,1.6,1,135,136.99116626038898,,CH1,65.6,1.6
CH1,65.6,1.6,2,176,624.6721051147566,41.0,CH1,65.6,1.6
CH1,65.6,1.6,3,216,1533.386863934128,40.0,CH1,65.6,1.6
CH1,65.6,1.6,4,257,2588.8781602621457,41.0,CH1,65.6,1.6
CH1,65.6,1.6,5,297,3422.5290634499106,40.0,CH1,65.6,1.6
CH1,65.6,1.6,6,338,3690.6378082126134,41.0,CH1,65.6,1.6
CH1,65.6,1.6,7,379,3495.2451091098337,41.0,CH1,65.6,1.6
CH1,65.6,1.6,8,420,2912.2960950349716,41.0,CH1,65.6,1.6
CH1,65.6,1.6,9,459,2186.353233853408,39.0,CH1,65.6,1.6
CH1,65.6,1.6,10,499,1499.578257622601,40.0,CH1,65.6,1.6
CH1,65.6,1.6,11,540,967.0687100790192,41.0,CH1,65.6,1.6
CH1,65.7,1.3,1,132,2367.1962768364865,,CH1,65.7,1.3
CH1,65.7,1.3,2,174,4871.741828369441,42.0,CH1,65.7,1.3
CH1,65.7,1.3,3,217,5513.013664197234,43.0,CH1,65.7,1.3
CH1,65.7,1.3,4,260,4557.321176409581,43.0,CH1,65.7,1.3
CH1,65.7,1.3,5,302,3045.28875855925,42.0,CH1,65.7,1.3
CH1,65.7,1.3,6,344,1731.3457032624897,42.0,CH1,65.7,1.3
CH1,65.7,1.3,7,389,882.4706629541577,45.0,CH1,65.7,1.3
CH1,65.7,1.6,1,138,102.55619199340772,,CH1,65.7,1.6
CH1,65.7,1.6,2,175,472.198775183205,37.0,CH1,65.7,1.6
CH1,65.7,1.6,3,218,1192.900960294185,43.0,CH1,65.7,1.6
CH1,65.7,1.6,4,261,2126.0952119217377,43.0,CH1,65.7,1.6
CH1,65.7,1.6,5,304,2912.6045476550566,43.0,CH1,65.7,1.6
CH1,65.7,1.6,6,345,3308.414241120085,41.0,CH1,65.7,1.6
CH1,65.7,1.6,7,389,3292.0268818214136,44.0,CH1,65.7,1.6
CH1,65.7,1.6,8,431,2841.1992359006726,42.0,CH1,65.7,1.6
CH1,65.7,1.6,9,474,2236.8556312199457,43.0,CH1,65.7,1.6
CH1,65.7,1.6,10,516,1640.2020399669216,42.0,CH1,65.7,1.6
CH1,65.7,1.6,11,598,703.0699045652595,82.0,CH1,65.7,1.6
CH1,65.8,1.3,1,130,1906.6276326986576,,CH1,65.8,1.3
CH1,65.8,1.3,2,174,4086.9811739540937,44.0,CH1,65.8,1.3
CH1,65.8,1.3,3,219,4866.9074595449865,45.0,CH1,65.8,1.3
CH1,65.8,1.3,4,265,4214.096711581975,46.0,CH1,65.8,1.3
CH1,65.8,1.3,5,310,2975.1516495490137,45.0,CH1,65.8,1.3
CH1,65.8,1.3,6,354,1821.1812947884264,44.0,CH1,65.8,1.3
CH1,65.8,1.6,1,176,296.48225155325497,,CH1,65.8,1.6
CH1,65.8,1.6,2,221,794.0518701883233,45.0,CH1,65.8,1.6
CH1,65.8,1.6,3,266,1497.0382186962306,45.0,CH1,65.8,1.6
CH1,65.8,1.6,4,315,2203.799560289264,49.0,CH1,65.8,1.6
CH1,65.8,1.6,5,359,2721.2291585390813,44.0,CH1,65.8,1.6
CH1,65.8,1.6,6,405,2829.8286637945835,46.0,CH1,65.8,1.6
CH1,65.8,1.6,7,451,2649.2038078993687,46.0,CH1,65.8,1.6
CH1,65.8,1.6,8,499,2267.655651445262,48.0,CH1,65.8,1.6
CH1,65.8,1.6,9,543,1784.8569139725369,44.0,CH1,65.8,1.6
CH1,65.8,1.6,10,589,1288.5874700089482,46.0,CH1,65.8,1.6
CH1,66.0,1.3,1,124,1284.2753349014786,,CH1,66.0,1.3
CH1,66.0,1.3,2,172,2853.4389743338575,48.0,CH1,66.0,1.3
CH1,66.0,1.3,3,224,3709.4587931028223,52.0,CH1,66.0,1.3
CH1,66.0,1.3,4,274,3541.380671581916,50.0,CH1,66.0,1.3
CH1,66.0,1.3,5,324,2761.6738364789767,50.0,CH1,66.0,1.3
CH1,66.0,1.3,6,372,1888.6394937969303,48.0,CH1,66.0,1.3
CH1,66.0,1.6,1,224,521.7823954281695,,CH1,66.0,1.6
CH1,66.0,1.6,2,276,1014.3027095739252,52.0,CH1,66.0,1.6
CH1,66.0,1.6,3,325,1576.41865497626,49.0,CH1,66.0,1.6
CH1,66.0,1.6,4,374,2055.9004025997565,49.0,CH1,66.0,1.6
CH1,66.0,1.6,5,424,2298.4077746347793,50.0,CH1,66.0,1.6
CH1,66.0,1.6,6,473,2327.737978612425,49.0,CH1,66.0,1.6
CH1,66.0,1.6,7,521,2188.026550040559,48.0,CH1,66.0,1.6
CH1,66.0,1.6,8,569,1817.351250468717,48.0,CH1,66.0,1.6
CH1,66.0,1.6,9,619,1445.234751923332,50.0,CH1,66.0,1.6
CH1,66.0,1.6,10,866,205.11359717170637,247.0,CH1,66.0,1.6
