Voltage Gain (V),Pulse Voltage (V),Peak Number,Peak Index,Peak Counts,Index Difference
66.0,1.3,1,22,10198.223203388241,N/A
66.0,1.3,2,63,5989.171070019477,41
66.0,1.3,3,113,2440.545276918798,50
66.0,1.3,4,153,956.88384725637,40
66.0,1.3,5,171,738.796074373887,18
66.0,1.3,6,201,372.78728513545616,30
66.0,1.3,7,220,249.6566441125388,19
66.0,1.3,8,236,159.03944039193541,16
66.0,1.3,9,251,109.32044461838993,15
